-10.5 -10 9.8866e-08
-10.5 -9.5 2.15673e-07
-10.5 -9 4.52038e-07
-10.5 -8.5 9.10292e-07
-10.5 -8 1.76123e-06
-10.5 -7.5 3.27399e-06
-10.5 -7 5.84747e-06
-10.5 -6.5 1.00343e-05
-10.5 -6 1.65438e-05
-10.5 -5.5 2.62066e-05
-10.5 -5 3.98854e-05
-10.5 -4.5 5.83238e-05
-10.5 -4 8.19419e-05
-10.5 -3.5 0.00011061
-10.5 -3 0.000143453
-10.5 -2.5 0.000178754
-10.5 -2 0.000214007
-10.5 -1.5 0.000246167
-10.5 -1 0.000272057
-10.5 -0.5 0.00028888
-10.5 0 0.000294715
-10.5 0.5 0.00028888
-10.5 1 0.000272057
-10.5 1.5 0.000246167
-10.5 2 0.000214007
-10.5 2.5 0.000178754
-10.5 3 0.000143453
-10.5 3.5 0.00011061
-10.5 4 8.19419e-05
-10.5 4.5 5.83238e-05
-10.5 5 3.98854e-05
-10.5 5.5 2.62066e-05
-10.5 6 1.65438e-05
-10.5 6.5 1.00343e-05
-10.5 7 5.84747e-06
-10.5 7.5 3.27399e-06
-10.5 8 1.76123e-06
-10.5 8.5 9.10292e-07
-10.5 9 4.52038e-07
-10.5 9.5 2.15673e-07
-10.5 10 9.8866e-08

-10 -10 2.24475e-07
-10 -9.5 4.89686e-07
-10 -9 1.02635e-06
-10 -8.5 2.06682e-06
-10 -8 3.99886e-06
-10 -7.5 7.4336e-06
-10 -7 1.32767e-05
-10 -6.5 2.27829e-05
-10 -6 3.75626e-05
-10 -5.5 5.9502e-05
-10 -5 9.05598e-05
-10 -4.5 0.000132424
-10 -4 0.000186049
-10 -3.5 0.00025114
-10 -3 0.000325711
-10 -2.5 0.000405861
-10 -2 0.000485903
-10 -1.5 0.000558922
-10 -1 0.000617704
-10 -0.5 0.000655901
-10 0 0.000669151
-10 0.5 0.000655901
-10 1 0.000617704
-10 1.5 0.000558922
-10 2 0.000485903
-10 2.5 0.000405861
-10 3 0.000325711
-10 3.5 0.00025114
-10 4 0.000186049
-10 4.5 0.000132424
-10 5 9.05598e-05
-10 5.5 5.9502e-05
-10 6 3.75626e-05
-10 6.5 2.27829e-05
-10 7 1.32767e-05
-10 7.5 7.4336e-06
-10 8 3.99886e-06
-10 8.5 2.06682e-06
-10 9 1.02635e-06
-10 9.5 4.89686e-07
-10 10 2.24475e-07

-9.5 -10 4.89686e-07
-9.5 -9.5 1.06824e-06
-9.5 -9 2.23896e-06
-9.5 -8.5 4.5087e-06
-9.5 -8 8.72341e-06
-9.5 -7.5 1.62162e-05
-9.5 -7 2.89627e-05
-9.5 -6.5 4.97002e-05
-9.5 -6 8.19419e-05
-9.5 -5.5 0.000129802
-9.5 -5 0.000197554
-9.5 -4.5 0.00028888
-9.5 -4 0.000405861
-9.5 -3.5 0.000547855
-9.5 -3 0.000710529
-9.5 -2.5 0.000885374
-9.5 -2 0.00105998
-9.5 -1.5 0.00121927
-9.5 -1 0.0013475
-9.5 -0.5 0.00143083
-9.5 0 0.00145973
-9.5 0.5 0.00143083
-9.5 1 0.0013475
-9.5 1.5 0.00121927
-9.5 2 0.00105998
-9.5 2.5 0.000885374
-9.5 3 0.000710529
-9.5 3.5 0.000547855
-9.5 4 0.000405861
-9.5 4.5 0.00028888
-9.5 5 0.000197554
-9.5 5.5 0.000129802
-9.5 6 8.19419e-05
-9.5 6.5 4.97002e-05
-9.5 7 2.89627e-05
-9.5 7.5 1.62162e-05
-9.5 8 8.72341e-06
-9.5 8.5 4.5087e-06
-9.5 9 2.23896e-06
-9.5 9.5 1.06824e-06
-9.5 10 4.89686e-07

-9 -10 1.02635e-06
-9 -9.5 2.23896e-06
-9 -9 4.69271e-06
-9 -8.5 9.44995e-06
-9 -8 1.82837e-05
-9 -7.5 3.39881e-05
-9 -7 6.0704e-05
-9 -6.5 0.000104169
-9 -6 0.000171745
-9 -5.5 0.000272057
-9 -5 0.00041406
-9 -4.5 0.000605473
-9 -4 0.000850658
-9 -3.5 0.00114827
-9 -3 0.00148922
-9 -2.5 0.00185569
-9 -2 0.00222166
-9 -1.5 0.00255552
-9 -1 0.00282428
-9 -0.5 0.00299893
-9 0 0.00305951
-9 0.5 0.00299893
-9 1 0.00282428
-9 1.5 0.00255552
-9 2 0.00222166
-9 2.5 0.00185569
-9 3 0.00148922
-9 3.5 0.00114827
-9 4 0.000850658
-9 4.5 0.000605473
-9 5 0.00041406
-9 5.5 0.000272057
-9 6 0.000171745
-9 6.5 0.000104169
-9 7 6.0704e-05
-9 7.5 3.39881e-05
-9 8 1.82837e-05
-9 8.5 9.44995e-06
-9 9 4.69271e-06
-9 9.5 2.23896e-06
-9 10 1.02635e-06

-8.5 -10 2.06682e-06
-8.5 -9.5 4.5087e-06
-8.5 -9 9.44995e-06
-8.5 -8.5 1.90299e-05
-8.5 -8 3.68188e-05
-8.5 -7.5 6.84436e-05
-8.5 -7 0.000122243
-8.5 -6.5 0.00020977
-8.5 -6 0.000345852
-8.5 -5.5 0.000547855
-8.5 -5 0.000833814
-8.5 -4.5 0.00121927
-8.5 -4 0.00171301
-8.5 -3.5 0.00231233
-8.5 -3 0.00299893
-8.5 -2.5 0.00373689
-8.5 -2 0.00447387
-8.5 -1.5 0.00514618
-8.5 -1 0.00568741
-8.5 -0.5 0.0060391
-8.5 0 0.0061611
-8.5 0.5 0.0060391
-8.5 1 0.00568741
-8.5 1.5 0.00514618
-8.5 2 0.00447387
-8.5 2.5 0.00373689
-8.5 3 0.00299893
-8.5 3.5 0.00231233
-8.5 4 0.00171301
-8.5 4.5 0.00121927
-8.5 5 0.000833814
-8.5 5.5 0.000547855
-8.5 6 0.000345852
-8.5 6.5 0.00020977
-8.5 7 0.000122243
-8.5 7.5 6.84436e-05
-8.5 8 3.68188e-05
-8.5 8.5 1.90299e-05
-8.5 9 9.44995e-06
-8.5 9.5 4.5087e-06
-8.5 10 2.06682e-06

-8 -10 3.99886e-06
-8 -9.5 8.72341e-06
-8 -9 1.82837e-05
-8 -8.5 3.68188e-05
-8 -8 7.12368e-05
-8 -7.5 0.000132424
-8 -7 0.000236515
-8 -6.5 0.000405861
-8 -6 0.000669151
-8 -5.5 0.00105998
-8 -5 0.00161326
-8 -4.5 0.00235904
-8 -4 0.00331433
-8 -3.5 0.00447387
-8 -3 0.0058023
-8 -2.5 0.00723011
-8 -2 0.00865602
-8 -1.5 0.00995679
-8 -1 0.011004
-8 -0.5 0.0116844
-8 0 0.0119204
-8 0.5 0.0116844
-8 1 0.011004
-8 1.5 0.00995679
-8 2 0.00865602
-8 2.5 0.00723011
-8 3 0.0058023
-8 3.5 0.00447387
-8 4 0.00331433
-8 4.5 0.00235904
-8 5 0.00161326
-8 5.5 0.00105998
-8 6 0.000669151
-8 6.5 0.000405861
-8 7 0.000236515
-8 7.5 0.000132424
-8 8 7.12368e-05
-8 8.5 3.68188e-05
-8 9 1.82837e-05
-8 9.5 8.72341e-06
-8 10 3.99886e-06

-7.5 -10 7.4336e-06
-7.5 -9.5 1.62162e-05
-7.5 -9 3.39881e-05
-7.5 -8.5 6.84436e-05
-7.5 -8 0.000132424
-7.5 -7.5 0.000246167
-7.5 -7 0.000439664
-7.5 -6.5 0.000754466
-7.5 -6 0.0012439
-7.5 -5.5 0.00197044
-7.5 -5 0.00299893
-7.5 -4.5 0.00438529
-7.5 -4 0.0061611
-7.5 -3.5 0.00831661
-7.5 -3 0.0107861
-7.5 -2.5 0.0134403
-7.5 -2 0.0160909
-7.5 -1.5 0.018509
-7.5 -1 0.0204556
-7.5 -0.5 0.0217205
-7.5 0 0.0221592
-7.5 0.5 0.0217205
-7.5 1 0.0204556
-7.5 1.5 0.018509
-7.5 2 0.0160909
-7.5 2.5 0.0134403
-7.5 3 0.0107861
-7.5 3.5 0.00831661
-7.5 4 0.0061611
-7.5 4.5 0.00438529
-7.5 5 0.00299893
-7.5 5.5 0.00197044
-7.5 6 0.0012439
-7.5 6.5 0.000754466
-7.5 7 0.000439664
-7.5 7.5 0.000246167
-7.5 8 0.000132424
-7.5 8.5 6.84436e-05
-7.5 9 3.39881e-05
-7.5 9.5 1.62162e-05
-7.5 10 7.4336e-06

-7 -10 1.32767e-05
-7 -9.5 2.89627e-05
-7 -9 6.0704e-05
-7 -8.5 0.000122243
-7 -8 0.000236515
-7 -7.5 0.000439664
-7 -7 0.000785256
-7 -6.5 0.0013475
-7 -6 0.00222166
-7 -5.5 0.00351927
-7 -5 0.0053562
-7 -4.5 0.00783229
-7 -4 0.011004
-7 -3.5 0.0148538
-7 -3 0.0192643
-7 -2.5 0.0240048
-7 -2 0.028739
-7 -1.5 0.0330577
-7 -1 0.0365344
-7 -0.5 0.0387936
-7 0 0.0395773
-7 0.5 0.0387936
-7 1 0.0365344
-7 1.5 0.0330577
-7 2 0.028739
-7 2.5 0.0240048
-7 3 0.0192643
-7 3.5 0.0148538
-7 4 0.011004
-7 4.5 0.00783229
-7 5 0.0053562
-7 5.5 0.00351927
-7 6 0.00222166
-7 6.5 0.0013475
-7 7 0.000785256
-7 7.5 0.000439664
-7 8 0.000236515
-7 8.5 0.000122243
-7 9 6.0704e-05
-7 9.5 2.89627e-05
-7 10 1.32767e-05

-6.5 -10 2.27829e-05
-6.5 -9.5 4.97002e-05
-6.5 -9 0.000104169
-6.5 -8.5 0.00020977
-6.5 -8 0.000405861
-6.5 -7.5 0.000754466
-6.5 -7 0.0013475
-6.5 -6.5 0.00231233
-6.5 -6 0.00381238
-6.5 -5.5 0.0060391
-6.5 -5 0.00919127
-6.5 -4.5 0.0134403
-6.5 -4 0.0188829
-6.5 -3.5 0.0254892
-6.5 -3 0.0330577
-6.5 -2.5 0.0411924
-6.5 -2 0.0493163
-6.5 -1.5 0.0567272
-6.5 -1 0.0626933
-6.5 -0.5 0.06657
-6.5 0 0.0679148
-6.5 0.5 0.06657
-6.5 1 0.0626933
-6.5 1.5 0.0567272
-6.5 2 0.0493163
-6.5 2.5 0.0411924
-6.5 3 0.0330577
-6.5 3.5 0.0254892
-6.5 4 0.0188829
-6.5 4.5 0.0134403
-6.5 5 0.00919127
-6.5 5.5 0.0060391
-6.5 6 0.00381238
-6.5 6.5 0.00231233
-6.5 7 0.0013475
-6.5 7.5 0.000754466
-6.5 8 0.000405861
-6.5 8.5 0.00020977
-6.5 9 0.000104169
-6.5 9.5 4.97002e-05
-6.5 10 2.27829e-05

-6 -10 3.75626e-05
-6 -9.5 8.19419e-05
-6 -9 0.000171745
-6 -8.5 0.000345852
-6 -8 0.000669151
-6 -7.5 0.0012439
-6 -7 0.00222166
-6 -6.5 0.00381238
-6 -6 0.00628556
-6 -5.5 0.00995679
-6 -5 0.0151539
-6 -4.5 0.0221592
-6 -4 0.0311326
-6 -3.5 0.0420246
-6 -3 0.0545029
-6 -2.5 0.0679148
-6 -2 0.0813088
-6 -1.5 0.0935274
-6 -1 0.103364
-6 -0.5 0.109755
-6 0 0.111973
-6 0.5 0.109755
-6 1 0.103364
-6 1.5 0.0935274
-6 2 0.0813088
-6 2.5 0.0679148
-6 3 0.0545029
-6 3.5 0.0420246
-6 4 0.0311326
-6 4.5 0.0221592
-6 5 0.0151539
-6 5.5 0.00995679
-6 6 0.00628556
-6 6.5 0.00381238
-6 7 0.00222166
-6 7.5 0.0012439
-6 8 0.000669151
-6 8.5 0.000345852
-6 9 0.000171745
-6 9.5 8.19419e-05
-6 10 3.75626e-05

-5.5 -10 5.9502e-05
-5.5 -9.5 0.000129802
-5.5 -9 0.000272057
-5.5 -8.5 0.000547855
-5.5 -8 0.00105998
-5.5 -7.5 0.00197044
-5.5 -7 0.00351927
-5.5 -6.5 0.0060391
-5.5 -6 0.00995679
-5.5 -5.5 0.0157723
-5.5 -5 0.0240048
-5.5 -4.5 0.0351019
-5.5 -4 0.0493163
-5.5 -3.5 0.06657
-5.5 -3 0.0863367
-5.5 -2.5 0.107582
-5.5 -2 0.128799
-5.5 -1.5 0.148154
-5.5 -1 0.163736
-5.5 -0.5 0.173861
-5.5 0 0.177373
-5.5 0.5 0.173861
-5.5 1 0.163736
-5.5 1.5 0.148154
-5.5 2 0.128799
-5.5 2.5 0.107582
-5.5 3 0.0863367
-5.5 3.5 0.06657
-5.5 4 0.0493163
-5.5 4.5 0.0351019
-5.5 5 0.0240048
-5.5 5.5 0.0157723
-5.5 6 0.00995679
-5.5 6.5 0.0060391
-5.5 7 0.00351927
-5.5 7.5 0.00197044
-5.5 8 0.00105998
-5.5 8.5 0.000547855
-5.5 9 0.000272057
-5.5 9.5 0.000129802
-5.5 10 5.9502e-05

-5 -10 9.05598e-05
-5 -9.5 0.000197554
-5 -9 0.00041406
-5 -8.5 0.000833814
-5 -8 0.00161326
-5 -7.5 0.00299893
-5 -7 0.0053562
-5 -6.5 0.00919127
-5 -6 0.0151539
-5 -5.5 0.0240048
-5 -5 0.0365344
-5 -4.5 0.0534237
-5 -4 0.0750575
-5 -3.5 0.101317
-5 -3 0.131401
-5 -2.5 0.163736
-5 -2 0.196027
-5 -1.5 0.225485
-5 -1 0.2492
-5 -0.5 0.264609
-5 0 0.269955
-5 0.5 0.264609
-5 1 0.2492
-5 1.5 0.225485
-5 2 0.196027
-5 2.5 0.163736
-5 3 0.131401
-5 3.5 0.101317
-5 4 0.0750575
-5 4.5 0.0534237
-5 5 0.0365344
-5 5.5 0.0240048
-5 6 0.0151539
-5 6.5 0.00919127
-5 7 0.0053562
-5 7.5 0.00299893
-5 8 0.00161326
-5 8.5 0.000833814
-5 9 0.00041406
-5 9.5 0.000197554
-5 10 9.05598e-05

-4.5 -10 0.000132424
-4.5 -9.5 0.00028888
-4.5 -9 0.000605473
-4.5 -8.5 0.00121927
-4.5 -8 0.00235904
-4.5 -7.5 0.00438529
-4.5 -7 0.00783229
-4.5 -6.5 0.0134403
-4.5 -6 0.0221592
-4.5 -5.5 0.0351019
-4.5 -5 0.0534237
-4.5 -4.5 0.0781207
-4.5 -4 0.109755
-4.5 -3.5 0.148154
-4.5 -3 0.192146
-4.5 -2.5 0.239428
-4.5 -2 0.286648
-4.5 -1.5 0.329724
-4.5 -1 0.364401
-4.5 -0.5 0.386934
-4.5 0 0.394751
-4.5 0.5 0.386934
-4.5 1 0.364401
-4.5 1.5 0.329724
-4.5 2 0.286648
-4.5 2.5 0.239428
-4.5 3 0.192146
-4.5 3.5 0.148154
-4.5 4 0.109755
-4.5 4.5 0.0781207
-4.5 5 0.0534237
-4.5 5.5 0.0351019
-4.5 6 0.0221592
-4.5 6.5 0.0134403
-4.5 7 0.00783229
-4.5 7.5 0.00438529
-4.5 8 0.00235904
-4.5 8.5 0.00121927
-4.5 9 0.000605473
-4.5 9.5 0.00028888
-4.5 10 0.000132424

-4 -10 0.000186049
-4 -9.5 0.000405861
-4 -9 0.000850658
-4 -8.5 0.00171301
-4 -8 0.00331433
-4 -7.5 0.0061611
-4 -7 0.011004
-4 -6.5 0.0188829
-4 -6 0.0311326
-4 -5.5 0.0493163
-4 -5 0.0750575
-4 -4.5 0.109755
-4 -4 0.154201
-4 -3.5 0.208149
-4 -3 0.269955
-4 -2.5 0.336384
-4 -2 0.402725
-4 -1.5 0.463244
-4 -1 0.511964
-4 -0.5 0.543622
-4 0 0.554604
-4 0.5 0.543622
-4 1 0.511964
-4 1.5 0.463244
-4 2 0.402725
-4 2.5 0.336384
-4 3 0.269955
-4 3.5 0.208149
-4 4 0.154201
-4 4.5 0.109755
-4 5 0.0750575
-4 5.5 0.0493163
-4 6 0.0311326
-4 6.5 0.0188829
-4 7 0.011004
-4 7.5 0.0061611
-4 8 0.00331433
-4 8.5 0.00171301
-4 9 0.000850658
-4 9.5 0.000405861
-4 10 0.000186049

-3.5 -10 0.00025114
-3.5 -9.5 0.000547855
-3.5 -9 0.00114827
-3.5 -8.5 0.00231233
-3.5 -8 0.00447387
-3.5 -7.5 0.00831661
-3.5 -7 0.0148538
-3.5 -6.5 0.0254892
-3.5 -6 0.0420246
-3.5 -5.5 0.06657
-3.5 -5 0.101317
-3.5 -4.5 0.148154
-3.5 -4 0.208149
-3.5 -3.5 0.280972
-3.5 -3 0.364401
-3.5 -2.5 0.454071
-3.5 -2 0.543622
-3.5 -1.5 0.625314
-3.5 -1 0.691079
-3.5 -0.5 0.733813
-3.5 0 0.748637
-3.5 0.5 0.733813
-3.5 1 0.691079
-3.5 1.5 0.625314
-3.5 2 0.543622
-3.5 2.5 0.454071
-3.5 3 0.364401
-3.5 3.5 0.280972
-3.5 4 0.208149
-3.5 4.5 0.148154
-3.5 5 0.101317
-3.5 5.5 0.06657
-3.5 6 0.0420246
-3.5 6.5 0.0254892
-3.5 7 0.0148538
-3.5 7.5 0.00831661
-3.5 8 0.00447387
-3.5 8.5 0.00231233
-3.5 9 0.00114827
-3.5 9.5 0.000547855
-3.5 10 0.00025114

-3 -10 0.000325711
-3 -9.5 0.000710529
-3 -9 0.00148922
-3 -8.5 0.00299893
-3 -8 0.0058023
-3 -7.5 0.0107861
-3 -7 0.0192643
-3 -6.5 0.0330577
-3 -6 0.0545029
-3 -5.5 0.0863367
-3 -5 0.131401
-3 -4.5 0.192146
-3 -4 0.269955
-3 -3.5 0.364401
-3 -3 0.472603
-3 -2.5 0.588899
-3 -2 0.70504
-3 -1.5 0.810989
-3 -1 0.896282
-3 -0.5 0.951705
-3 0 0.97093
-3 0.5 0.951705
-3 1 0.896282
-3 1.5 0.810989
-3 2 0.70504
-3 2.5 0.588899
-3 3 0.472603
-3 3.5 0.364401
-3 4 0.269955
-3 4.5 0.192146
-3 5 0.131401
-3 5.5 0.0863367
-3 6 0.0545029
-3 6.5 0.0330577
-3 7 0.0192643
-3 7.5 0.0107861
-3 8 0.0058023
-3 8.5 0.00299893
-3 9 0.00148922
-3 9.5 0.000710529
-3 10 0.000325711

-2.5 -10 0.000405861
-2.5 -9.5 0.000885374
-2.5 -9 0.00185569
-2.5 -8.5 0.00373689
-2.5 -8 0.00723011
-2.5 -7.5 0.0134403
-2.5 -7 0.0240048
-2.5 -6.5 0.0411924
-2.5 -6 0.0679148
-2.5 -5.5 0.107582
-2.5 -5 0.163736
-2.5 -4.5 0.239428
-2.5 -4 0.336384
-2.5 -3.5 0.454071
-2.5 -3 0.588899
-2.5 -2.5 0.733813
-2.5 -2 0.878534
-2.5 -1.5 1.01055
-2.5 -1 1.11684
-2.5 -0.5 1.1859
-2.5 0 1.20985
-2.5 0.5 1.1859
-2.5 1 1.11684
-2.5 1.5 1.01055
-2.5 2 0.878534
-2.5 2.5 0.733813
-2.5 3 0.588899
-2.5 3.5 0.454071
-2.5 4 0.336384
-2.5 4.5 0.239428
-2.5 5 0.163736
-2.5 5.5 0.107582
-2.5 6 0.0679148
-2.5 6.5 0.0411924
-2.5 7 0.0240048
-2.5 7.5 0.0134403
-2.5 8 0.00723011
-2.5 8.5 0.00373689
-2.5 9 0.00185569
-2.5 9.5 0.000885374
-2.5 10 0.000405861

-2 -10 0.000485903
-2 -9.5 0.00105998
-2 -9 0.00222166
-2 -8.5 0.00447387
-2 -8 0.00865602
-2 -7.5 0.0160909
-2 -7 0.028739
-2 -6.5 0.0493163
-2 -6 0.0813088
-2 -5.5 0.128799
-2 -5 0.196027
-2 -4.5 0.286648
-2 -4 0.402725
-2 -3.5 0.543622
-2 -3 0.70504
-2 -2.5 0.878534
-2 -2 1.0518
-2 -1.5 1.20985
-2 -1 1.3371
-2 -0.5 1.41978
-2 0 1.44846
-2 0.5 1.41978
-2 1 1.3371
-2 1.5 1.20985
-2 2 1.0518
-2 2.5 0.878534
-2 3 0.70504
-2 3.5 0.543622
-2 4 0.402725
-2 4.5 0.286648
-2 5 0.196027
-2 5.5 0.128799
-2 6 0.0813088
-2 6.5 0.0493163
-2 7 0.028739
-2 7.5 0.0160909
-2 8 0.00865602
-2 8.5 0.00447387
-2 9 0.00222166
-2 9.5 0.00105998
-2 10 0.000485903

-1.5 -10 0.000558922
-1.5 -9.5 0.00121927
-1.5 -9 0.00255552
-1.5 -8.5 0.00514618
-1.5 -8 0.00995679
-1.5 -7.5 0.018509
-1.5 -7 0.0330577
-1.5 -6.5 0.0567272
-1.5 -6 0.0935274
-1.5 -5.5 0.148154
-1.5 -5 0.225485
-1.5 -4.5 0.329724
-1.5 -4 0.463244
-1.5 -3.5 0.625314
-1.5 -3 0.810989
-1.5 -2.5 1.01055
-1.5 -2 1.20985
-1.5 -1.5 1.39166
-1.5 -1 1.53803
-1.5 -0.5 1.63313
-1.5 0 1.66612
-1.5 0.5 1.63313
-1.5 1 1.53803
-1.5 1.5 1.39166
-1.5 2 1.20985
-1.5 2.5 1.01055
-1.5 3 0.810989
-1.5 3.5 0.625314
-1.5 4 0.463244
-1.5 4.5 0.329724
-1.5 5 0.225485
-1.5 5.5 0.148154
-1.5 6 0.0935274
-1.5 6.5 0.0567272
-1.5 7 0.0330577
-1.5 7.5 0.018509
-1.5 8 0.00995679
-1.5 8.5 0.00514618
-1.5 9 0.00255552
-1.5 9.5 0.00121927
-1.5 10 0.000558922

-1 -10 0.000617704
-1 -9.5 0.0013475
-1 -9 0.00282428
-1 -8.5 0.00568741
-1 -8 0.011004
-1 -7.5 0.0204556
-1 -7 0.0365344
-1 -6.5 0.0626933
-1 -6 0.103364
-1 -5.5 0.163736
-1 -5 0.2492
-1 -4.5 0.364401
-1 -4 0.511964
-1 -3.5 0.691079
-1 -3 0.896282
-1 -2.5 1.11684
-1 -2 1.3371
-1 -1.5 1.53803
-1 -1 1.69978
-1 -0.5 1.80489
-1 0 1.84135
-1 0.5 1.80489
-1 1 1.69978
-1 1.5 1.53803
-1 2 1.3371
-1 2.5 1.11684
-1 3 0.896282
-1 3.5 0.691079
-1 4 0.511964
-1 4.5 0.364401
-1 5 0.2492
-1 5.5 0.163736
-1 6 0.103364
-1 6.5 0.0626933
-1 7 0.0365344
-1 7.5 0.0204556
-1 8 0.011004
-1 8.5 0.00568741
-1 9 0.00282428
-1 9.5 0.0013475
-1 10 0.000617704

-0.5 -10 0.000655901
-0.5 -9.5 0.00143083
-0.5 -9 0.00299893
-0.5 -8.5 0.0060391
-0.5 -8 0.0116844
-0.5 -7.5 0.0217205
-0.5 -7 0.0387936
-0.5 -6.5 0.06657
-0.5 -6 0.109755
-0.5 -5.5 0.173861
-0.5 -5 0.264609
-0.5 -4.5 0.386934
-0.5 -4 0.543622
-0.5 -3.5 0.733813
-0.5 -3 0.951705
-0.5 -2.5 1.1859
-0.5 -2 1.41978
-0.5 -1.5 1.63313
-0.5 -1 1.80489
-0.5 -0.5 1.9165
-0.5 0 1.95521
-0.5 0.5 1.9165
-0.5 1 1.80489
-0.5 1.5 1.63313
-0.5 2 1.41978
-0.5 2.5 1.1859
-0.5 3 0.951705
-0.5 3.5 0.733813
-0.5 4 0.543622
-0.5 4.5 0.386934
-0.5 5 0.264609
-0.5 5.5 0.173861
-0.5 6 0.109755
-0.5 6.5 0.06657
-0.5 7 0.0387936
-0.5 7.5 0.0217205
-0.5 8 0.0116844
-0.5 8.5 0.0060391
-0.5 9 0.00299893
-0.5 9.5 0.00143083
-0.5 10 0.000655901

0 -10 0.000669151
0 -9.5 0.00145973
0 -9 0.00305951
0 -8.5 0.0061611
0 -8 0.0119204
0 -7.5 0.0221592
0 -7 0.0395773
0 -6.5 0.0679148
0 -6 0.111973
0 -5.5 0.177373
0 -5 0.269955
0 -4.5 0.394751
0 -4 0.554604
0 -3.5 0.748637
0 -3 0.97093
0 -2.5 1.20985
0 -2 1.44846
0 -1.5 1.66612
0 -1 1.84135
0 -0.5 1.95521
0 0 1.99471
0 0.5 1.95521
0 1 1.84135
0 1.5 1.66612
0 2 1.44846
0 2.5 1.20985
0 3 0.97093
0 3.5 0.748637
0 4 0.554604
0 4.5 0.394751
0 5 0.269955
0 5.5 0.177373
0 6 0.111973
0 6.5 0.0679148
0 7 0.0395773
0 7.5 0.0221592
0 8 0.0119204
0 8.5 0.0061611
0 9 0.00305951
0 9.5 0.00145973
0 10 0.000669151

0.5 -10 0.000655901
0.5 -9.5 0.00143083
0.5 -9 0.00299893
0.5 -8.5 0.0060391
0.5 -8 0.0116844
0.5 -7.5 0.0217205
0.5 -7 0.0387936
0.5 -6.5 0.06657
0.5 -6 0.109755
0.5 -5.5 0.173861
0.5 -5 0.264609
0.5 -4.5 0.386934
0.5 -4 0.543622
0.5 -3.5 0.733813
0.5 -3 0.951705
0.5 -2.5 1.1859
0.5 -2 1.41978
0.5 -1.5 1.63313
0.5 -1 1.80489
0.5 -0.5 1.9165
0.5 0 1.95521
0.5 0.5 1.9165
0.5 1 1.80489
0.5 1.5 1.63313
0.5 2 1.41978
0.5 2.5 1.1859
0.5 3 0.951705
0.5 3.5 0.733813
0.5 4 0.543622
0.5 4.5 0.386934
0.5 5 0.264609
0.5 5.5 0.173861
0.5 6 0.109755
0.5 6.5 0.06657
0.5 7 0.0387936
0.5 7.5 0.0217205
0.5 8 0.0116844
0.5 8.5 0.0060391
0.5 9 0.00299893
0.5 9.5 0.00143083
0.5 10 0.000655901

1 -10 0.000617704
1 -9.5 0.0013475
1 -9 0.00282428
1 -8.5 0.00568741
1 -8 0.011004
1 -7.5 0.0204556
1 -7 0.0365344
1 -6.5 0.0626933
1 -6 0.103364
1 -5.5 0.163736
1 -5 0.2492
1 -4.5 0.364401
1 -4 0.511964
1 -3.5 0.691079
1 -3 0.896282
1 -2.5 1.11684
1 -2 1.3371
1 -1.5 1.53803
1 -1 1.69978
1 -0.5 1.80489
1 0 1.84135
1 0.5 1.80489
1 1 1.69978
1 1.5 1.53803
1 2 1.3371
1 2.5 1.11684
1 3 0.896282
1 3.5 0.691079
1 4 0.511964
1 4.5 0.364401
1 5 0.2492
1 5.5 0.163736
1 6 0.103364
1 6.5 0.0626933
1 7 0.0365344
1 7.5 0.0204556
1 8 0.011004
1 8.5 0.00568741
1 9 0.00282428
1 9.5 0.0013475
1 10 0.000617704

1.5 -10 0.000558922
1.5 -9.5 0.00121927
1.5 -9 0.00255552
1.5 -8.5 0.00514618
1.5 -8 0.00995679
1.5 -7.5 0.018509
1.5 -7 0.0330577
1.5 -6.5 0.0567272
1.5 -6 0.0935274
1.5 -5.5 0.148154
1.5 -5 0.225485
1.5 -4.5 0.329724
1.5 -4 0.463244
1.5 -3.5 0.625314
1.5 -3 0.810989
1.5 -2.5 1.01055
1.5 -2 1.20985
1.5 -1.5 1.39166
1.5 -1 1.53803
1.5 -0.5 1.63313
1.5 0 1.66612
1.5 0.5 1.63313
1.5 1 1.53803
1.5 1.5 1.39166
1.5 2 1.20985
1.5 2.5 1.01055
1.5 3 0.810989
1.5 3.5 0.625314
1.5 4 0.463244
1.5 4.5 0.329724
1.5 5 0.225485
1.5 5.5 0.148154
1.5 6 0.0935274
1.5 6.5 0.0567272
1.5 7 0.0330577
1.5 7.5 0.018509
1.5 8 0.00995679
1.5 8.5 0.00514618
1.5 9 0.00255552
1.5 9.5 0.00121927
1.5 10 0.000558922

2 -10 0.000485903
2 -9.5 0.00105998
2 -9 0.00222166
2 -8.5 0.00447387
2 -8 0.00865602
2 -7.5 0.0160909
2 -7 0.028739
2 -6.5 0.0493163
2 -6 0.0813088
2 -5.5 0.128799
2 -5 0.196027
2 -4.5 0.286648
2 -4 0.402725
2 -3.5 0.543622
2 -3 0.70504
2 -2.5 0.878534
2 -2 1.0518
2 -1.5 1.20985
2 -1 1.3371
2 -0.5 1.41978
2 0 1.44846
2 0.5 1.41978
2 1 1.3371
2 1.5 1.20985
2 2 1.0518
2 2.5 0.878534
2 3 0.70504
2 3.5 0.543622
2 4 0.402725
2 4.5 0.286648
2 5 0.196027
2 5.5 0.128799
2 6 0.0813088
2 6.5 0.0493163
2 7 0.028739
2 7.5 0.0160909
2 8 0.00865602
2 8.5 0.00447387
2 9 0.00222166
2 9.5 0.00105998
2 10 0.000485903

2.5 -10 0.000405861
2.5 -9.5 0.000885374
2.5 -9 0.00185569
2.5 -8.5 0.00373689
2.5 -8 0.00723011
2.5 -7.5 0.0134403
2.5 -7 0.0240048
2.5 -6.5 0.0411924
2.5 -6 0.0679148
2.5 -5.5 0.107582
2.5 -5 0.163736
2.5 -4.5 0.239428
2.5 -4 0.336384
2.5 -3.5 0.454071
2.5 -3 0.588899
2.5 -2.5 0.733813
2.5 -2 0.878534
2.5 -1.5 1.01055
2.5 -1 1.11684
2.5 -0.5 1.1859
2.5 0 1.20985
2.5 0.5 1.1859
2.5 1 1.11684
2.5 1.5 1.01055
2.5 2 0.878534
2.5 2.5 0.733813
2.5 3 0.588899
2.5 3.5 0.454071
2.5 4 0.336384
2.5 4.5 0.239428
2.5 5 0.163736
2.5 5.5 0.107582
2.5 6 0.0679148
2.5 6.5 0.0411924
2.5 7 0.0240048
2.5 7.5 0.0134403
2.5 8 0.00723011
2.5 8.5 0.00373689
2.5 9 0.00185569
2.5 9.5 0.000885374
2.5 10 0.000405861

3 -10 0.000325711
3 -9.5 0.000710529
3 -9 0.00148922
3 -8.5 0.00299893
3 -8 0.0058023
3 -7.5 0.0107861
3 -7 0.0192643
3 -6.5 0.0330577
3 -6 0.0545029
3 -5.5 0.0863367
3 -5 0.131401
3 -4.5 0.192146
3 -4 0.269955
3 -3.5 0.364401
3 -3 0.472603
3 -2.5 0.588899
3 -2 0.70504
3 -1.5 0.810989
3 -1 0.896282
3 -0.5 0.951705
3 0 0.97093
3 0.5 0.951705
3 1 0.896282
3 1.5 0.810989
3 2 0.70504
3 2.5 0.588899
3 3 0.472603
3 3.5 0.364401
3 4 0.269955
3 4.5 0.192146
3 5 0.131401
3 5.5 0.0863367
3 6 0.0545029
3 6.5 0.0330577
3 7 0.0192643
3 7.5 0.0107861
3 8 0.0058023
3 8.5 0.00299893
3 9 0.00148922
3 9.5 0.000710529
3 10 0.000325711

3.5 -10 0.00025114
3.5 -9.5 0.000547855
3.5 -9 0.00114827
3.5 -8.5 0.00231233
3.5 -8 0.00447387
3.5 -7.5 0.00831661
3.5 -7 0.0148538
3.5 -6.5 0.0254892
3.5 -6 0.0420246
3.5 -5.5 0.06657
3.5 -5 0.101317
3.5 -4.5 0.148154
3.5 -4 0.208149
3.5 -3.5 0.280972
3.5 -3 0.364401
3.5 -2.5 0.454071
3.5 -2 0.543622
3.5 -1.5 0.625314
3.5 -1 0.691079
3.5 -0.5 0.733813
3.5 0 0.748637
3.5 0.5 0.733813
3.5 1 0.691079
3.5 1.5 0.625314
3.5 2 0.543622
3.5 2.5 0.454071
3.5 3 0.364401
3.5 3.5 0.280972
3.5 4 0.208149
3.5 4.5 0.148154
3.5 5 0.101317
3.5 5.5 0.06657
3.5 6 0.0420246
3.5 6.5 0.0254892
3.5 7 0.0148538
3.5 7.5 0.00831661
3.5 8 0.00447387
3.5 8.5 0.00231233
3.5 9 0.00114827
3.5 9.5 0.000547855
3.5 10 0.00025114

4 -10 0.000186049
4 -9.5 0.000405861
4 -9 0.000850658
4 -8.5 0.00171301
4 -8 0.00331433
4 -7.5 0.0061611
4 -7 0.011004
4 -6.5 0.0188829
4 -6 0.0311326
4 -5.5 0.0493163
4 -5 0.0750575
4 -4.5 0.109755
4 -4 0.154201
4 -3.5 0.208149
4 -3 0.269955
4 -2.5 0.336384
4 -2 0.402725
4 -1.5 0.463244
4 -1 0.511964
4 -0.5 0.543622
4 0 0.554604
4 0.5 0.543622
4 1 0.511964
4 1.5 0.463244
4 2 0.402725
4 2.5 0.336384
4 3 0.269955
4 3.5 0.208149
4 4 0.154201
4 4.5 0.109755
4 5 0.0750575
4 5.5 0.0493163
4 6 0.0311326
4 6.5 0.0188829
4 7 0.011004
4 7.5 0.0061611
4 8 0.00331433
4 8.5 0.00171301
4 9 0.000850658
4 9.5 0.000405861
4 10 0.000186049

4.5 -10 0.000132424
4.5 -9.5 0.00028888
4.5 -9 0.000605473
4.5 -8.5 0.00121927
4.5 -8 0.00235904
4.5 -7.5 0.00438529
4.5 -7 0.00783229
4.5 -6.5 0.0134403
4.5 -6 0.0221592
4.5 -5.5 0.0351019
4.5 -5 0.0534237
4.5 -4.5 0.0781207
4.5 -4 0.109755
4.5 -3.5 0.148154
4.5 -3 0.192146
4.5 -2.5 0.239428
4.5 -2 0.286648
4.5 -1.5 0.329724
4.5 -1 0.364401
4.5 -0.5 0.386934
4.5 0 0.394751
4.5 0.5 0.386934
4.5 1 0.364401
4.5 1.5 0.329724
4.5 2 0.286648
4.5 2.5 0.239428
4.5 3 0.192146
4.5 3.5 0.148154
4.5 4 0.109755
4.5 4.5 0.0781207
4.5 5 0.0534237
4.5 5.5 0.0351019
4.5 6 0.0221592
4.5 6.5 0.0134403
4.5 7 0.00783229
4.5 7.5 0.00438529
4.5 8 0.00235904
4.5 8.5 0.00121927
4.5 9 0.000605473
4.5 9.5 0.00028888
4.5 10 0.000132424

5 -10 9.05598e-05
5 -9.5 0.000197554
5 -9 0.00041406
5 -8.5 0.000833814
5 -8 0.00161326
5 -7.5 0.00299893
5 -7 0.0053562
5 -6.5 0.00919127
5 -6 0.0151539
5 -5.5 0.0240048
5 -5 0.0365344
5 -4.5 0.0534237
5 -4 0.0750575
5 -3.5 0.101317
5 -3 0.131401
5 -2.5 0.163736
5 -2 0.196027
5 -1.5 0.225485
5 -1 0.2492
5 -0.5 0.264609
5 0 0.269955
5 0.5 0.264609
5 1 0.2492
5 1.5 0.225485
5 2 0.196027
5 2.5 0.163736
5 3 0.131401
5 3.5 0.101317
5 4 0.0750575
5 4.5 0.0534237
5 5 0.0365344
5 5.5 0.0240048
5 6 0.0151539
5 6.5 0.00919127
5 7 0.0053562
5 7.5 0.00299893
5 8 0.00161326
5 8.5 0.000833814
5 9 0.00041406
5 9.5 0.000197554
5 10 9.05598e-05

5.5 -10 5.9502e-05
5.5 -9.5 0.000129802
5.5 -9 0.000272057
5.5 -8.5 0.000547855
5.5 -8 0.00105998
5.5 -7.5 0.00197044
5.5 -7 0.00351927
5.5 -6.5 0.0060391
5.5 -6 0.00995679
5.5 -5.5 0.0157723
5.5 -5 0.0240048
5.5 -4.5 0.0351019
5.5 -4 0.0493163
5.5 -3.5 0.06657
5.5 -3 0.0863367
5.5 -2.5 0.107582
5.5 -2 0.128799
5.5 -1.5 0.148154
5.5 -1 0.163736
5.5 -0.5 0.173861
5.5 0 0.177373
5.5 0.5 0.173861
5.5 1 0.163736
5.5 1.5 0.148154
5.5 2 0.128799
5.5 2.5 0.107582
5.5 3 0.0863367
5.5 3.5 0.06657
5.5 4 0.0493163
5.5 4.5 0.0351019
5.5 5 0.0240048
5.5 5.5 0.0157723
5.5 6 0.00995679
5.5 6.5 0.0060391
5.5 7 0.00351927
5.5 7.5 0.00197044
5.5 8 0.00105998
5.5 8.5 0.000547855
5.5 9 0.000272057
5.5 9.5 0.000129802
5.5 10 5.9502e-05

6 -10 3.75626e-05
6 -9.5 8.19419e-05
6 -9 0.000171745
6 -8.5 0.000345852
6 -8 0.000669151
6 -7.5 0.0012439
6 -7 0.00222166
6 -6.5 0.00381238
6 -6 0.00628556
6 -5.5 0.00995679
6 -5 0.0151539
6 -4.5 0.0221592
6 -4 0.0311326
6 -3.5 0.0420246
6 -3 0.0545029
6 -2.5 0.0679148
6 -2 0.0813088
6 -1.5 0.0935274
6 -1 0.103364
6 -0.5 0.109755
6 0 0.111973
6 0.5 0.109755
6 1 0.103364
6 1.5 0.0935274
6 2 0.0813088
6 2.5 0.0679148
6 3 0.0545029
6 3.5 0.0420246
6 4 0.0311326
6 4.5 0.0221592
6 5 0.0151539
6 5.5 0.00995679
6 6 0.00628556
6 6.5 0.00381238
6 7 0.00222166
6 7.5 0.0012439
6 8 0.000669151
6 8.5 0.000345852
6 9 0.000171745
6 9.5 8.19419e-05
6 10 3.75626e-05

6.5 -10 2.27829e-05
6.5 -9.5 4.97002e-05
6.5 -9 0.000104169
6.5 -8.5 0.00020977
6.5 -8 0.000405861
6.5 -7.5 0.000754466
6.5 -7 0.0013475
6.5 -6.5 0.00231233
6.5 -6 0.00381238
6.5 -5.5 0.0060391
6.5 -5 0.00919127
6.5 -4.5 0.0134403
6.5 -4 0.0188829
6.5 -3.5 0.0254892
6.5 -3 0.0330577
6.5 -2.5 0.0411924
6.5 -2 0.0493163
6.5 -1.5 0.0567272
6.5 -1 0.0626933
6.5 -0.5 0.06657
6.5 0 0.0679148
6.5 0.5 0.06657
6.5 1 0.0626933
6.5 1.5 0.0567272
6.5 2 0.0493163
6.5 2.5 0.0411924
6.5 3 0.0330577
6.5 3.5 0.0254892
6.5 4 0.0188829
6.5 4.5 0.0134403
6.5 5 0.00919127
6.5 5.5 0.0060391
6.5 6 0.00381238
6.5 6.5 0.00231233
6.5 7 0.0013475
6.5 7.5 0.000754466
6.5 8 0.000405861
6.5 8.5 0.00020977
6.5 9 0.000104169
6.5 9.5 4.97002e-05
6.5 10 2.27829e-05

7 -10 1.32767e-05
7 -9.5 2.89627e-05
7 -9 6.0704e-05
7 -8.5 0.000122243
7 -8 0.000236515
7 -7.5 0.000439664
7 -7 0.000785256
7 -6.5 0.0013475
7 -6 0.00222166
7 -5.5 0.00351927
7 -5 0.0053562
7 -4.5 0.00783229
7 -4 0.011004
7 -3.5 0.0148538
7 -3 0.0192643
7 -2.5 0.0240048
7 -2 0.028739
7 -1.5 0.0330577
7 -1 0.0365344
7 -0.5 0.0387936
7 0 0.0395773
7 0.5 0.0387936
7 1 0.0365344
7 1.5 0.0330577
7 2 0.028739
7 2.5 0.0240048
7 3 0.0192643
7 3.5 0.0148538
7 4 0.011004
7 4.5 0.00783229
7 5 0.0053562
7 5.5 0.00351927
7 6 0.00222166
7 6.5 0.0013475
7 7 0.000785256
7 7.5 0.000439664
7 8 0.000236515
7 8.5 0.000122243
7 9 6.0704e-05
7 9.5 2.89627e-05
7 10 1.32767e-05

7.5 -10 7.4336e-06
7.5 -9.5 1.62162e-05
7.5 -9 3.39881e-05
7.5 -8.5 6.84436e-05
7.5 -8 0.000132424
7.5 -7.5 0.000246167
7.5 -7 0.000439664
7.5 -6.5 0.000754466
7.5 -6 0.0012439
7.5 -5.5 0.00197044
7.5 -5 0.00299893
7.5 -4.5 0.00438529
7.5 -4 0.0061611
7.5 -3.5 0.00831661
7.5 -3 0.0107861
7.5 -2.5 0.0134403
7.5 -2 0.0160909
7.5 -1.5 0.018509
7.5 -1 0.0204556
7.5 -0.5 0.0217205
7.5 0 0.0221592
7.5 0.5 0.0217205
7.5 1 0.0204556
7.5 1.5 0.018509
7.5 2 0.0160909
7.5 2.5 0.0134403
7.5 3 0.0107861
7.5 3.5 0.00831661
7.5 4 0.0061611
7.5 4.5 0.00438529
7.5 5 0.00299893
7.5 5.5 0.00197044
7.5 6 0.0012439
7.5 6.5 0.000754466
7.5 7 0.000439664
7.5 7.5 0.000246167
7.5 8 0.000132424
7.5 8.5 6.84436e-05
7.5 9 3.39881e-05
7.5 9.5 1.62162e-05
7.5 10 7.4336e-06

8 -10 3.99886e-06
8 -9.5 8.72341e-06
8 -9 1.82837e-05
8 -8.5 3.68188e-05
8 -8 7.12368e-05
8 -7.5 0.000132424
8 -7 0.000236515
8 -6.5 0.000405861
8 -6 0.000669151
8 -5.5 0.00105998
8 -5 0.00161326
8 -4.5 0.00235904
8 -4 0.00331433
8 -3.5 0.00447387
8 -3 0.0058023
8 -2.5 0.00723011
8 -2 0.00865602
8 -1.5 0.00995679
8 -1 0.011004
8 -0.5 0.0116844
8 0 0.0119204
8 0.5 0.0116844
8 1 0.011004
8 1.5 0.00995679
8 2 0.00865602
8 2.5 0.00723011
8 3 0.0058023
8 3.5 0.00447387
8 4 0.00331433
8 4.5 0.00235904
8 5 0.00161326
8 5.5 0.00105998
8 6 0.000669151
8 6.5 0.000405861
8 7 0.000236515
8 7.5 0.000132424
8 8 7.12368e-05
8 8.5 3.68188e-05
8 9 1.82837e-05
8 9.5 8.72341e-06
8 10 3.99886e-06

8.5 -10 2.06682e-06
8.5 -9.5 4.5087e-06
8.5 -9 9.44995e-06
8.5 -8.5 1.90299e-05
8.5 -8 3.68188e-05
8.5 -7.5 6.84436e-05
8.5 -7 0.000122243
8.5 -6.5 0.00020977
8.5 -6 0.000345852
8.5 -5.5 0.000547855
8.5 -5 0.000833814
8.5 -4.5 0.00121927
8.5 -4 0.00171301
8.5 -3.5 0.00231233
8.5 -3 0.00299893
8.5 -2.5 0.00373689
8.5 -2 0.00447387
8.5 -1.5 0.00514618
8.5 -1 0.00568741
8.5 -0.5 0.0060391
8.5 0 0.0061611
8.5 0.5 0.0060391
8.5 1 0.00568741
8.5 1.5 0.00514618
8.5 2 0.00447387
8.5 2.5 0.00373689
8.5 3 0.00299893
8.5 3.5 0.00231233
8.5 4 0.00171301
8.5 4.5 0.00121927
8.5 5 0.000833814
8.5 5.5 0.000547855
8.5 6 0.000345852
8.5 6.5 0.00020977
8.5 7 0.000122243
8.5 7.5 6.84436e-05
8.5 8 3.68188e-05
8.5 8.5 1.90299e-05
8.5 9 9.44995e-06
8.5 9.5 4.5087e-06
8.5 10 2.06682e-06

9 -10 1.02635e-06
9 -9.5 2.23896e-06
9 -9 4.69271e-06
9 -8.5 9.44995e-06
9 -8 1.82837e-05
9 -7.5 3.39881e-05
9 -7 6.0704e-05
9 -6.5 0.000104169
9 -6 0.000171745
9 -5.5 0.000272057
9 -5 0.00041406
9 -4.5 0.000605473
9 -4 0.000850658
9 -3.5 0.00114827
9 -3 0.00148922
9 -2.5 0.00185569
9 -2 0.00222166
9 -1.5 0.00255552
9 -1 0.00282428
9 -0.5 0.00299893
9 0 0.00305951
9 0.5 0.00299893
9 1 0.00282428
9 1.5 0.00255552
9 2 0.00222166
9 2.5 0.00185569
9 3 0.00148922
9 3.5 0.00114827
9 4 0.000850658
9 4.5 0.000605473
9 5 0.00041406
9 5.5 0.000272057
9 6 0.000171745
9 6.5 0.000104169
9 7 6.0704e-05
9 7.5 3.39881e-05
9 8 1.82837e-05
9 8.5 9.44995e-06
9 9 4.69271e-06
9 9.5 2.23896e-06
9 10 1.02635e-06

9.5 -10 4.89686e-07
9.5 -9.5 1.06824e-06
9.5 -9 2.23896e-06
9.5 -8.5 4.5087e-06
9.5 -8 8.72341e-06
9.5 -7.5 1.62162e-05
9.5 -7 2.89627e-05
9.5 -6.5 4.97002e-05
9.5 -6 8.19419e-05
9.5 -5.5 0.000129802
9.5 -5 0.000197554
9.5 -4.5 0.00028888
9.5 -4 0.000405861
9.5 -3.5 0.000547855
9.5 -3 0.000710529
9.5 -2.5 0.000885374
9.5 -2 0.00105998
9.5 -1.5 0.00121927
9.5 -1 0.0013475
9.5 -0.5 0.00143083
9.5 0 0.00145973
9.5 0.5 0.00143083
9.5 1 0.0013475
9.5 1.5 0.00121927
9.5 2 0.00105998
9.5 2.5 0.000885374
9.5 3 0.000710529
9.5 3.5 0.000547855
9.5 4 0.000405861
9.5 4.5 0.00028888
9.5 5 0.000197554
9.5 5.5 0.000129802
9.5 6 8.19419e-05
9.5 6.5 4.97002e-05
9.5 7 2.89627e-05
9.5 7.5 1.62162e-05
9.5 8 8.72341e-06
9.5 8.5 4.5087e-06
9.5 9 2.23896e-06
9.5 9.5 1.06824e-06
9.5 10 4.89686e-07

10 -10 2.24475e-07
10 -9.5 4.89686e-07
10 -9 1.02635e-06
10 -8.5 2.06682e-06
10 -8 3.99886e-06
10 -7.5 7.4336e-06
10 -7 1.32767e-05
10 -6.5 2.27829e-05
10 -6 3.75626e-05
10 -5.5 5.9502e-05
10 -5 9.05598e-05
10 -4.5 0.000132424
10 -4 0.000186049
10 -3.5 0.00025114
10 -3 0.000325711
10 -2.5 0.000405861
10 -2 0.000485903
10 -1.5 0.000558922
10 -1 0.000617704
10 -0.5 0.000655901
10 0 0.000669151
10 0.5 0.000655901
10 1 0.000617704
10 1.5 0.000558922
10 2 0.000485903
10 2.5 0.000405861
10 3 0.000325711
10 3.5 0.00025114
10 4 0.000186049
10 4.5 0.000132424
10 5 9.05598e-05
10 5.5 5.9502e-05
10 6 3.75626e-05
10 6.5 2.27829e-05
10 7 1.32767e-05
10 7.5 7.4336e-06
10 8 3.99886e-06
10 8.5 2.06682e-06
10 9 1.02635e-06
10 9.5 4.89686e-07
10 10 2.24475e-07

